<?xml version="1.0" encoding="utf-8" standalone="no"?>
<!DOCTYPE svg PUBLIC "-//W3C//DTD SVG 1.1//EN"
  "http://www.w3.org/Graphics/SVG/1.1/DTD/svg11.dtd">
<!-- Created with matplotlib (https://matplotlib.org/) -->
<svg height="576pt" version="1.1" viewBox="0 0 864 576" width="864pt" xmlns="http://www.w3.org/2000/svg" xmlns:xlink="http://www.w3.org/1999/xlink">
 <metadata>
  <rdf:RDF xmlns:cc="http://creativecommons.org/ns#" xmlns:dc="http://purl.org/dc/elements/1.1/" xmlns:rdf="http://www.w3.org/1999/02/22-rdf-syntax-ns#">
   <cc:Work>
    <dc:type rdf:resource="http://purl.org/dc/dcmitype/StillImage"/>
    <dc:date>2023-06-05T20:31:17.428354</dc:date>
    <dc:format>image/svg+xml</dc:format>
    <dc:creator>
     <cc:Agent>
      <dc:title>Matplotlib v3.3.4, https://matplotlib.org/</dc:title>
     </cc:Agent>
    </dc:creator>
   </cc:Work>
  </rdf:RDF>
 </metadata>
 <defs>
  <style type="text/css">*{stroke-linecap:butt;stroke-linejoin:round;}</style>
 </defs>
 <g id="figure_1">
  <g id="patch_1">
   <path d="M 0 576 
L 864 576 
L 864 0 
L 0 0 
z
" style="fill:none;"/>
  </g>
  <g id="axes_1">
   <g id="patch_2">
    <path d="M 660.24 286.56 
C 660.24 258.006041 654.615493 229.729733 643.688366 203.349314 
C 632.761238 176.968896 616.743997 152.9974 596.553299 132.806701 
C 576.3626 112.616003 552.391104 96.598762 526.010686 85.671634 
C 499.630267 74.744507 471.353959 69.12 442.8 69.12 
C 414.246041 69.12 385.969733 74.744507 359.589314 85.671634 
C 333.208896 96.598762 309.2374 112.616003 289.046701 132.806701 
C 268.856003 152.9974 252.838762 176.968896 241.911634 203.349314 
C 230.984507 229.729733 225.36 258.006041 225.36 286.56 
C 225.36 315.113959 230.984507 343.390267 241.911634 369.770686 
C 252.838762 396.151104 268.856003 420.1226 289.046701 440.313299 
C 309.2374 460.503997 333.208896 476.521238 359.589314 487.448366 
C 385.969733 498.375493 414.246041 504 442.8 504 
C 471.353959 504 499.630267 498.375493 526.010686 487.448366 
C 552.391104 476.521238 576.3626 460.503997 596.553299 440.313299 
C 616.743997 420.1226 632.761238 396.151104 643.688366 369.770686 
C 654.615493 343.390267 660.24 315.113959 660.24 286.56 
M 442.8 286.56 
C 442.8 286.56 442.8 286.56 442.8 286.56 
C 442.8 286.56 442.8 286.56 442.8 286.56 
C 442.8 286.56 442.8 286.56 442.8 286.56 
C 442.8 286.56 442.8 286.56 442.8 286.56 
C 442.8 286.56 442.8 286.56 442.8 286.56 
C 442.8 286.56 442.8 286.56 442.8 286.56 
C 442.8 286.56 442.8 286.56 442.8 286.56 
C 442.8 286.56 442.8 286.56 442.8 286.56 
C 442.8 286.56 442.8 286.56 442.8 286.56 
C 442.8 286.56 442.8 286.56 442.8 286.56 
C 442.8 286.56 442.8 286.56 442.8 286.56 
C 442.8 286.56 442.8 286.56 442.8 286.56 
C 442.8 286.56 442.8 286.56 442.8 286.56 
C 442.8 286.56 442.8 286.56 442.8 286.56 
C 442.8 286.56 442.8 286.56 442.8 286.56 
C 442.8 286.56 442.8 286.56 442.8 286.56 
M 660.24 286.56 
z
" style="fill:#ffffff;"/>
   </g>
   <g id="PolyCollection_1">
    <defs>
     <path d="M 442.8 -320.244 
L 442.8 -289.44 
L 442.8 -289.44 
L 442.8 -289.44 
L 442.8 -289.44 
L 442.8 -289.44 
L 442.8 -289.44 
L 442.8 -289.44 
L 442.8 -289.44 
L 442.8 -289.44 
L 442.8 -289.44 
L 442.8 -289.44 
L 442.8 -289.44 
L 442.8 -289.44 
L 442.8 -289.44 
L 442.8 -289.44 
L 442.8 -289.44 
L 442.8 -289.44 
L 442.8 -289.44 
L 442.8 -289.44 
L 442.8 -289.44 
L 442.8 -289.44 
L 442.8 -289.44 
L 442.8 -289.44 
L 442.8 -289.44 
L 442.8 -289.44 
L 442.8 -289.44 
L 442.8 -289.44 
L 442.8 -289.44 
L 442.8 -289.44 
L 442.8 -289.44 
L 442.8 -289.44 
L 442.8 -289.44 
L 442.8 -289.44 
L 442.8 -289.44 
L 442.8 -289.44 
L 442.8 -289.44 
L 442.8 -289.44 
L 442.8 -289.44 
L 442.8 -289.44 
L 442.8 -289.44 
L 442.8 -289.44 
L 442.8 -289.44 
L 442.8 -289.44 
L 442.8 -289.44 
L 442.8 -289.44 
L 442.8 -289.44 
L 442.8 -289.44 
L 442.8 -289.44 
L 442.8 -289.44 
L 442.8 -289.44 
L 442.8 -289.44 
L 442.8 -289.44 
L 442.8 -289.44 
L 442.8 -289.44 
L 442.8 -289.44 
L 442.8 -289.44 
L 442.8 -289.44 
L 442.8 -289.44 
L 442.8 -289.44 
L 442.8 -289.44 
L 442.8 -289.44 
L 442.8 -289.44 
L 442.8 -289.44 
L 442.8 -289.44 
L 442.8 -289.44 
L 442.8 -289.44 
L 442.8 -289.44 
L 442.8 -289.44 
L 442.8 -289.44 
L 442.8 -289.44 
L 442.8 -289.44 
L 442.8 -289.44 
L 442.8 -289.44 
L 442.8 -289.44 
L 442.8 -289.44 
L 442.8 -289.44 
L 442.8 -289.44 
L 442.8 -289.44 
L 442.8 -289.44 
L 442.8 -289.44 
L 442.8 -289.44 
L 442.8 -289.44 
L 442.8 -289.44 
L 442.8 -289.44 
L 442.8 -289.44 
L 442.8 -289.44 
L 442.8 -289.44 
L 442.8 -289.44 
L 442.8 -289.44 
L 442.8 -289.44 
L 442.8 -289.44 
L 442.8 -289.44 
L 442.8 -289.44 
L 442.8 -289.44 
L 442.8 -289.44 
L 442.8 -289.44 
L 442.8 -289.44 
L 442.8 -289.44 
L 442.8 -289.44 
L 442.8 -289.44 
L 442.8 -289.44 
L 478.369395 -268.904 
L 476.444213 -265.882069 
L 474.262977 -263.039427 
L 471.84229 -260.39771 
L 469.200573 -257.977023 
L 466.357931 -255.795787 
L 463.336 -253.870605 
L 460.157777 -252.216127 
L 456.847451 -250.844945 
L 453.430216 -249.767494 
L 449.932078 -248.991976 
L 446.379661 -248.524291 
L 442.8 -248.368 
L 439.220339 -248.524291 
L 435.667922 -248.991976 
L 432.169784 -249.767494 
L 428.752549 -250.844945 
L 425.442223 -252.216127 
L 422.264 -253.870605 
L 419.242069 -255.795787 
L 416.399427 -257.977023 
L 413.75771 -260.39771 
L 411.337023 -263.039427 
L 409.155787 -265.882069 
L 407.230605 -268.904 
L 416.122953 -274.038 
L 414.882095 -276.421667 
L 413.853709 -278.904412 
L 413.045621 -281.467338 
L 412.463982 -284.090942 
L 412.113219 -286.755255 
L 411.996 -289.44 
L 412.113219 -292.124745 
L 412.463982 -294.789058 
L 413.045621 -297.412662 
L 413.853709 -299.975588 
L 414.882095 -302.458333 
L 416.122953 -304.842 
L 417.56684 -307.108449 
L 419.202767 -309.24043 
L 421.018283 -311.221717 
L 422.99957 -313.037233 
L 425.131551 -314.67316 
L 427.398 -316.117047 
L 429.781667 -317.357905 
L 432.264412 -318.386291 
L 434.827338 -319.194379 
L 437.450942 -319.776018 
L 440.115255 -320.126781 
L 442.8 -320.244 
z
" id="mbb8f41ea13" style="stroke:#3e0081;"/>
    </defs>
    <g clip-path="url(#p037590f126)">
     <use style="fill:#3e0081;stroke:#3e0081;" x="0" xlink:href="#mbb8f41ea13" y="576"/>
    </g>
   </g>
   <g id="PolyCollection_2">
    <defs>
     <path d="M 442.8 -418.696 
L 442.8 -320.244 
L 440.115255 -320.126781 
L 437.450942 -319.776018 
L 434.827338 -319.194379 
L 432.264412 -318.386291 
L 429.781667 -317.357905 
L 427.398 -316.117047 
L 425.131551 -314.67316 
L 422.99957 -313.037233 
L 421.018283 -311.221717 
L 419.202767 -309.24043 
L 417.56684 -307.108449 
L 416.122953 -304.842 
L 414.882095 -302.458333 
L 413.853709 -299.975588 
L 413.045621 -297.412662 
L 412.463982 -294.789058 
L 412.113219 -292.124745 
L 411.996 -289.44 
L 412.113219 -286.755255 
L 412.463982 -284.090942 
L 413.045621 -281.467338 
L 413.853709 -278.904412 
L 414.882095 -276.421667 
L 416.122953 -274.038 
L 407.230605 -268.904 
L 409.155787 -265.882069 
L 411.337023 -263.039427 
L 413.75771 -260.39771 
L 416.399427 -257.977023 
L 419.242069 -255.795787 
L 422.264 -253.870605 
L 425.442223 -252.216127 
L 428.752549 -250.844945 
L 432.169784 -249.767494 
L 435.667922 -248.991976 
L 439.220339 -248.524291 
L 442.8 -248.368 
L 446.379661 -248.524291 
L 449.932078 -248.991976 
L 453.430216 -249.767494 
L 456.847451 -250.844945 
L 460.157777 -252.216127 
L 463.336 -253.870605 
L 466.357931 -255.795787 
L 469.200573 -257.977023 
L 471.84229 -260.39771 
L 474.262977 -263.039427 
L 476.444213 -265.882069 
L 478.369395 -268.904 
L 442.8 -289.44 
L 442.8 -289.44 
L 442.8 -289.44 
L 442.8 -289.44 
L 442.8 -289.44 
L 442.8 -289.44 
L 442.8 -289.44 
L 442.8 -289.44 
L 442.8 -289.44 
L 442.8 -289.44 
L 442.8 -289.44 
L 442.8 -289.44 
L 442.8 -289.44 
L 442.8 -289.44 
L 442.8 -289.44 
L 442.8 -289.44 
L 442.8 -289.44 
L 442.8 -289.44 
L 442.8 -289.44 
L 442.8 -289.44 
L 442.8 -289.44 
L 442.8 -289.44 
L 442.8 -289.44 
L 442.8 -289.44 
L 442.8 -289.44 
L 442.8 -315.412 
L 442.8 -315.412 
L 445.063609 -315.313169 
L 447.30999 -315.017427 
L 449.522048 -314.527026 
L 451.682947 -313.845697 
L 453.776241 -312.978626 
L 455.786 -311.932412 
L 457.696927 -310.715017 
L 459.49448 -309.335706 
L 461.164977 -307.804977 
L 462.695706 -306.13448 
L 464.075017 -304.336927 
L 465.292412 -302.426 
L 466.338626 -300.416241 
L 467.205697 -298.322947 
L 467.887026 -296.162048 
L 468.377427 -293.94999 
L 468.673169 -291.703609 
L 468.772 -289.44 
L 468.673169 -287.176391 
L 468.377427 -284.93001 
L 467.887026 -282.717952 
L 467.205697 -280.557053 
L 466.338626 -278.463759 
L 465.292412 -276.454 
L 539.569679 -233.57 
L 534.332049 -225.348569 
L 528.397806 -217.614912 
L 521.812112 -210.427888 
L 514.625088 -203.842194 
L 506.891431 -197.907951 
L 498.67 -192.670321 
L 490.023365 -188.169168 
L 481.017331 -184.438747 
L 471.72044 -181.507448 
L 462.203447 -179.397582 
L 452.538783 -178.125204 
L 442.8 -177.7 
L 433.061217 -178.125204 
L 423.396553 -179.397582 
L 413.87956 -181.507448 
L 404.582669 -184.438747 
L 395.576635 -188.169168 
L 386.93 -192.670321 
L 378.708569 -197.907951 
L 370.974912 -203.842194 
L 363.787888 -210.427888 
L 357.202194 -217.614912 
L 351.267951 -225.348569 
L 346.030321 -233.57 
L 330.86102 -224.812 
L 325.654281 -234.814054 
L 321.339091 -245.231844 
L 317.948291 -255.986086 
L 315.507689 -266.994931 
L 314.035858 -278.174597 
L 313.544 -289.44 
L 314.035858 -300.705403 
L 315.507689 -311.885069 
L 317.948291 -322.893914 
L 321.339091 -333.648156 
L 325.654281 -344.065946 
L 330.86102 -354.068 
L 336.919683 -363.578196 
L 343.784159 -372.524155 
L 351.402206 -380.837794 
L 359.715845 -388.455841 
L 368.661804 -395.320317 
L 378.172 -401.37898 
L 388.174054 -406.585719 
L 398.591844 -410.900909 
L 409.346086 -414.291709 
L 420.354931 -416.732311 
L 431.534597 -418.204142 
L 442.8 -418.696 
z
" id="mc51aa3042e" style="stroke:#a447a5;"/>
    </defs>
    <g clip-path="url(#p037590f126)">
     <use style="fill:#a447a5;stroke:#a447a5;" x="0" xlink:href="#mc51aa3042e" y="576"/>
    </g>
   </g>
   <g id="PolyCollection_3">
    <defs>
     <path d="M 442.8 -418.696 
L 442.8 -418.696 
L 431.534597 -418.204142 
L 420.354931 -416.732311 
L 409.346086 -414.291709 
L 398.591844 -410.900909 
L 388.174054 -406.585719 
L 378.172 -401.37898 
L 368.661804 -395.320317 
L 359.715845 -388.455841 
L 351.402206 -380.837794 
L 343.784159 -372.524155 
L 336.919683 -363.578196 
L 330.86102 -354.068 
L 325.654281 -344.065946 
L 321.339091 -333.648156 
L 317.948291 -322.893914 
L 315.507689 -311.885069 
L 314.035858 -300.705403 
L 313.544 -289.44 
L 314.035858 -278.174597 
L 315.507689 -266.994931 
L 317.948291 -255.986086 
L 321.339091 -245.231844 
L 325.654281 -234.814054 
L 330.86102 -224.812 
L 346.030321 -233.57 
L 351.267951 -225.348569 
L 357.202194 -217.614912 
L 363.787888 -210.427888 
L 370.974912 -203.842194 
L 378.708569 -197.907951 
L 386.93 -192.670321 
L 395.576635 -188.169168 
L 404.582669 -184.438747 
L 413.87956 -181.507448 
L 423.396553 -179.397582 
L 433.061217 -178.125204 
L 442.8 -177.7 
L 452.538783 -178.125204 
L 462.203447 -179.397582 
L 471.72044 -181.507448 
L 481.017331 -184.438747 
L 490.023365 -188.169168 
L 498.67 -192.670321 
L 506.891431 -197.907951 
L 514.625088 -203.842194 
L 521.812112 -210.427888 
L 528.397806 -217.614912 
L 534.332049 -225.348569 
L 539.569679 -233.57 
L 465.292412 -276.454 
L 466.338626 -278.463759 
L 467.205697 -280.557053 
L 467.887026 -282.717952 
L 468.377427 -284.93001 
L 468.673169 -287.176391 
L 468.772 -289.44 
L 468.673169 -291.703609 
L 468.377427 -293.94999 
L 467.887026 -296.162048 
L 467.205697 -298.322947 
L 466.338626 -300.416241 
L 465.292412 -302.426 
L 464.075017 -304.336927 
L 462.695706 -306.13448 
L 461.164977 -307.804977 
L 459.49448 -309.335706 
L 457.696927 -310.715017 
L 455.786 -311.932412 
L 453.776241 -312.978626 
L 451.682947 -313.845697 
L 449.522048 -314.527026 
L 447.30999 -315.017427 
L 445.063609 -315.313169 
L 442.8 -315.412 
L 442.8 -315.412 
L 442.8 -315.412 
L 445.063609 -315.313169 
L 447.30999 -315.017427 
L 449.522048 -314.527026 
L 451.682947 -313.845697 
L 453.776241 -312.978626 
L 455.786 -311.932412 
L 457.696927 -310.715017 
L 459.49448 -309.335706 
L 461.164977 -307.804977 
L 462.695706 -306.13448 
L 464.075017 -304.336927 
L 465.292412 -302.426 
L 466.338626 -300.416241 
L 467.205697 -298.322947 
L 467.887026 -296.162048 
L 468.377427 -293.94999 
L 468.673169 -291.703609 
L 468.772 -289.44 
L 468.673169 -287.176391 
L 468.377427 -284.93001 
L 467.887026 -282.717952 
L 467.205697 -280.557053 
L 466.338626 -278.463759 
L 465.292412 -276.454 
L 539.569679 -233.57 
L 534.332049 -225.348569 
L 528.397806 -217.614912 
L 521.812112 -210.427888 
L 514.625088 -203.842194 
L 506.891431 -197.907951 
L 498.67 -192.670321 
L 490.023365 -188.169168 
L 481.017331 -184.438747 
L 471.72044 -181.507448 
L 462.203447 -179.397582 
L 452.538783 -178.125204 
L 442.8 -177.7 
L 433.061217 -178.125204 
L 423.396553 -179.397582 
L 413.87956 -181.507448 
L 404.582669 -184.438747 
L 395.576635 -188.169168 
L 386.93 -192.670321 
L 378.708569 -197.907951 
L 370.974912 -203.842194 
L 363.787888 -210.427888 
L 357.202194 -217.614912 
L 351.267951 -225.348569 
L 346.030321 -233.57 
L 330.86102 -224.812 
L 325.654281 -234.814054 
L 321.339091 -245.231844 
L 317.948291 -255.986086 
L 315.507689 -266.994931 
L 314.035858 -278.174597 
L 313.544 -289.44 
L 314.035858 -300.705403 
L 315.507689 -311.885069 
L 317.948291 -322.893914 
L 321.339091 -333.648156 
L 325.654281 -344.065946 
L 330.86102 -354.068 
L 336.919683 -363.578196 
L 343.784159 -372.524155 
L 351.402206 -380.837794 
L 359.715845 -388.455841 
L 368.661804 -395.320317 
L 378.172 -401.37898 
L 388.174054 -406.585719 
L 398.591844 -410.900909 
L 409.346086 -414.291709 
L 420.354931 -416.732311 
L 431.534597 -418.204142 
L 442.8 -418.696 
z
" id="me593c7229f" style="stroke:#6586cd;"/>
    </defs>
    <g clip-path="url(#p037590f126)">
     <use style="fill:#6586cd;stroke:#6586cd;" x="0" xlink:href="#me593c7229f" y="576"/>
    </g>
   </g>
   <g id="PolyCollection_4">
    <defs>
     <path d="M 442.8 -461.58 
L 442.8 -418.696 
L 431.534597 -418.204142 
L 420.354931 -416.732311 
L 409.346086 -414.291709 
L 398.591844 -410.900909 
L 388.174054 -406.585719 
L 378.172 -401.37898 
L 368.661804 -395.320317 
L 359.715845 -388.455841 
L 351.402206 -380.837794 
L 343.784159 -372.524155 
L 336.919683 -363.578196 
L 330.86102 -354.068 
L 325.654281 -344.065946 
L 321.339091 -333.648156 
L 317.948291 -322.893914 
L 315.507689 -311.885069 
L 314.035858 -300.705403 
L 313.544 -289.44 
L 314.035858 -278.174597 
L 315.507689 -266.994931 
L 317.948291 -255.986086 
L 321.339091 -245.231844 
L 325.654281 -234.814054 
L 330.86102 -224.812 
L 346.030321 -233.57 
L 351.267951 -225.348569 
L 357.202194 -217.614912 
L 363.787888 -210.427888 
L 370.974912 -203.842194 
L 378.708569 -197.907951 
L 386.93 -192.670321 
L 395.576635 -188.169168 
L 404.582669 -184.438747 
L 413.87956 -181.507448 
L 423.396553 -179.397582 
L 433.061217 -178.125204 
L 442.8 -177.7 
L 452.538783 -178.125204 
L 462.203447 -179.397582 
L 471.72044 -181.507448 
L 481.017331 -184.438747 
L 490.023365 -188.169168 
L 498.67 -192.670321 
L 506.891431 -197.907951 
L 514.625088 -203.842194 
L 521.812112 -210.427888 
L 528.397806 -217.614912 
L 534.332049 -225.348569 
L 539.569679 -233.57 
L 465.292412 -276.454 
L 466.338626 -278.463759 
L 467.205697 -280.557053 
L 467.887026 -282.717952 
L 468.377427 -284.93001 
L 468.673169 -287.176391 
L 468.772 -289.44 
L 468.673169 -291.703609 
L 468.377427 -293.94999 
L 467.887026 -296.162048 
L 467.205697 -298.322947 
L 466.338626 -300.416241 
L 465.292412 -302.426 
L 464.075017 -304.336927 
L 462.695706 -306.13448 
L 461.164977 -307.804977 
L 459.49448 -309.335706 
L 457.696927 -310.715017 
L 455.786 -311.932412 
L 453.776241 -312.978626 
L 451.682947 -313.845697 
L 449.522048 -314.527026 
L 447.30999 -315.017427 
L 445.063609 -315.313169 
L 442.8 -315.412 
L 442.8 -316.016 
L 442.8 -316.016 
L 445.116251 -315.91487 
L 447.414874 -315.612251 
L 449.678375 -315.110445 
L 451.889527 -314.413271 
L 454.031503 -313.526036 
L 456.088 -312.455491 
L 458.043367 -311.209785 
L 459.882724 -309.798397 
L 461.59207 -308.23207 
L 463.158397 -306.522724 
L 464.569785 -304.683367 
L 465.815491 -302.728 
L 466.886036 -300.671503 
L 467.773271 -298.529527 
L 468.470445 -296.318375 
L 468.972251 -294.054874 
L 469.27487 -291.756251 
L 469.376 -289.44 
L 469.27487 -287.123749 
L 468.972251 -284.825126 
L 468.470445 -282.561625 
L 467.773271 -280.350473 
L 466.886036 -278.208497 
L 465.815491 -276.152 
L 610.18539 -192.8 
L 601.125707 -178.579146 
L 590.86107 -165.202011 
L 579.469599 -152.770401 
L 567.037989 -141.37893 
L 553.660854 -131.114293 
L 539.44 -122.05461 
L 524.483658 -114.268831 
L 508.905653 -107.81621 
L 492.824545 -102.745856 
L 476.36272 -99.096357 
L 459.645462 -96.895489 
L 442.8 -96.16 
L 425.954538 -96.895489 
L 409.23728 -99.096357 
L 392.775455 -102.745856 
L 376.694347 -107.81621 
L 361.116342 -114.268831 
L 346.16 -122.05461 
L 331.939146 -131.114293 
L 318.562011 -141.37893 
L 306.130401 -152.770401 
L 294.73893 -165.202011 
L 284.474293 -178.579146 
L 275.41461 -192.8 
L 293.722387 -203.37 
L 286.788178 -216.690492 
L 281.041312 -230.564653 
L 276.525528 -244.88689 
L 273.275193 -259.548203 
L 271.315045 -274.43701 
L 270.66 -289.44 
L 271.315045 -304.44299 
L 273.275193 -319.331797 
L 276.525528 -333.99311 
L 281.041312 -348.315347 
L 286.788178 -362.189508 
L 293.722387 -375.51 
L 301.791167 -388.175448 
L 310.93311 -400.089459 
L 321.078639 -411.161361 
L 332.150541 -421.30689 
L 344.064552 -430.448833 
L 356.73 -438.517613 
L 370.050492 -445.451822 
L 383.924653 -451.198688 
L 398.24689 -455.714472 
L 412.908203 -458.964807 
L 427.79701 -460.924955 
L 442.8 -461.58 
z
" id="m63b3bf6360" style="stroke:#fcaf58;"/>
    </defs>
    <g clip-path="url(#p037590f126)">
     <use style="fill:#fcaf58;stroke:#fcaf58;" x="0" xlink:href="#m63b3bf6360" y="576"/>
    </g>
   </g>
   <g id="PolyCollection_5">
    <defs>
     <path d="M 442.8 -461.58 
L 442.8 -461.58 
L 427.79701 -460.924955 
L 412.908203 -458.964807 
L 398.24689 -455.714472 
L 383.924653 -451.198688 
L 370.050492 -445.451822 
L 356.73 -438.517613 
L 344.064552 -430.448833 
L 332.150541 -421.30689 
L 321.078639 -411.161361 
L 310.93311 -400.089459 
L 301.791167 -388.175448 
L 293.722387 -375.51 
L 286.788178 -362.189508 
L 281.041312 -348.315347 
L 276.525528 -333.99311 
L 273.275193 -319.331797 
L 271.315045 -304.44299 
L 270.66 -289.44 
L 271.315045 -274.43701 
L 273.275193 -259.548203 
L 276.525528 -244.88689 
L 281.041312 -230.564653 
L 286.788178 -216.690492 
L 293.722387 -203.37 
L 275.41461 -192.8 
L 284.474293 -178.579146 
L 294.73893 -165.202011 
L 306.130401 -152.770401 
L 318.562011 -141.37893 
L 331.939146 -131.114293 
L 346.16 -122.05461 
L 361.116342 -114.268831 
L 376.694347 -107.81621 
L 392.775455 -102.745856 
L 409.23728 -99.096357 
L 425.954538 -96.895489 
L 442.8 -96.16 
L 459.645462 -96.895489 
L 476.36272 -99.096357 
L 492.824545 -102.745856 
L 508.905653 -107.81621 
L 524.483658 -114.268831 
L 539.44 -122.05461 
L 553.660854 -131.114293 
L 567.037989 -141.37893 
L 579.469599 -152.770401 
L 590.86107 -165.202011 
L 601.125707 -178.579146 
L 610.18539 -192.8 
L 465.815491 -276.152 
L 466.886036 -278.208497 
L 467.773271 -280.350473 
L 468.470445 -282.561625 
L 468.972251 -284.825126 
L 469.27487 -287.123749 
L 469.376 -289.44 
L 469.27487 -291.756251 
L 468.972251 -294.054874 
L 468.470445 -296.318375 
L 467.773271 -298.529527 
L 466.886036 -300.671503 
L 465.815491 -302.728 
L 464.569785 -304.683367 
L 463.158397 -306.522724 
L 461.59207 -308.23207 
L 459.882724 -309.798397 
L 458.043367 -311.209785 
L 456.088 -312.455491 
L 454.031503 -313.526036 
L 451.889527 -314.413271 
L 449.678375 -315.110445 
L 447.414874 -315.612251 
L 445.116251 -315.91487 
L 442.8 -316.016 
L 442.8 -316.016 
L 442.8 -316.016 
L 445.116251 -315.91487 
L 447.414874 -315.612251 
L 449.678375 -315.110445 
L 451.889527 -314.413271 
L 454.031503 -313.526036 
L 456.088 -312.455491 
L 458.043367 -311.209785 
L 459.882724 -309.798397 
L 461.59207 -308.23207 
L 463.158397 -306.522724 
L 464.569785 -304.683367 
L 465.815491 -302.728 
L 466.886036 -300.671503 
L 467.773271 -298.529527 
L 468.470445 -296.318375 
L 468.972251 -294.054874 
L 469.27487 -291.756251 
L 469.376 -289.44 
L 469.27487 -287.123749 
L 468.972251 -284.825126 
L 468.470445 -282.561625 
L 467.773271 -280.350473 
L 466.886036 -278.208497 
L 465.815491 -276.152 
L 610.708469 -192.498 
L 601.620475 -178.232706 
L 591.323761 -164.813767 
L 579.896691 -152.343309 
L 567.426233 -140.916239 
L 554.007294 -130.619525 
L 539.742 -121.531531 
L 524.738919 -113.721421 
L 509.112233 -107.248636 
L 492.980872 -102.162437 
L 476.467603 -98.501534 
L 459.698104 -96.293787 
L 442.8 -95.556 
L 425.901896 -96.293787 
L 409.132397 -98.501534 
L 392.619128 -102.162437 
L 376.487767 -107.248636 
L 360.861081 -113.721421 
L 345.858 -121.531531 
L 331.592706 -130.619525 
L 318.173767 -140.916239 
L 305.703309 -152.343309 
L 294.276239 -164.813767 
L 283.979525 -178.232706 
L 274.891531 -192.498 
L 293.722387 -203.37 
L 286.788178 -216.690492 
L 281.041312 -230.564653 
L 276.525528 -244.88689 
L 273.275193 -259.548203 
L 271.315045 -274.43701 
L 270.66 -289.44 
L 271.315045 -304.44299 
L 273.275193 -319.331797 
L 276.525528 -333.99311 
L 281.041312 -348.315347 
L 286.788178 -362.189508 
L 293.722387 -375.51 
L 301.791167 -388.175448 
L 310.93311 -400.089459 
L 321.078639 -411.161361 
L 332.150541 -421.30689 
L 344.064552 -430.448833 
L 356.73 -438.517613 
L 370.050492 -445.451822 
L 383.924653 -451.198688 
L 398.24689 -455.714472 
L 412.908203 -458.964807 
L 427.79701 -460.924955 
L 442.8 -461.58 
z
" id="mce1adb24a0" style="stroke:#857bbe;"/>
    </defs>
    <g clip-path="url(#p037590f126)">
     <use style="fill:#857bbe;stroke:#857bbe;" x="0" xlink:href="#mce1adb24a0" y="576"/>
    </g>
   </g>
   <g id="PolyCollection_6">
    <defs>
     <path d="M 442.8 -465.808 
L 442.8 -461.58 
L 427.79701 -460.924955 
L 412.908203 -458.964807 
L 398.24689 -455.714472 
L 383.924653 -451.198688 
L 370.050492 -445.451822 
L 356.73 -438.517613 
L 344.064552 -430.448833 
L 332.150541 -421.30689 
L 321.078639 -411.161361 
L 310.93311 -400.089459 
L 301.791167 -388.175448 
L 293.722387 -375.51 
L 286.788178 -362.189508 
L 281.041312 -348.315347 
L 276.525528 -333.99311 
L 273.275193 -319.331797 
L 271.315045 -304.44299 
L 270.66 -289.44 
L 271.315045 -274.43701 
L 273.275193 -259.548203 
L 276.525528 -244.88689 
L 281.041312 -230.564653 
L 286.788178 -216.690492 
L 293.722387 -203.37 
L 274.891531 -192.498 
L 283.979525 -178.232706 
L 294.276239 -164.813767 
L 305.703309 -152.343309 
L 318.173767 -140.916239 
L 331.592706 -130.619525 
L 345.858 -121.531531 
L 360.861081 -113.721421 
L 376.487767 -107.248636 
L 392.619128 -102.162437 
L 409.132397 -98.501534 
L 425.901896 -96.293787 
L 442.8 -95.556 
L 459.698104 -96.293787 
L 476.467603 -98.501534 
L 492.980872 -102.162437 
L 509.112233 -107.248636 
L 524.738919 -113.721421 
L 539.742 -121.531531 
L 554.007294 -130.619525 
L 567.426233 -140.916239 
L 579.896691 -152.343309 
L 591.323761 -164.813767 
L 601.620475 -178.232706 
L 610.708469 -192.498 
L 465.815491 -276.152 
L 466.886036 -278.208497 
L 467.773271 -280.350473 
L 468.470445 -282.561625 
L 468.972251 -284.825126 
L 469.27487 -287.123749 
L 469.376 -289.44 
L 469.27487 -291.756251 
L 468.972251 -294.054874 
L 468.470445 -296.318375 
L 467.773271 -298.529527 
L 466.886036 -300.671503 
L 465.815491 -302.728 
L 464.569785 -304.683367 
L 463.158397 -306.522724 
L 461.59207 -308.23207 
L 459.882724 -309.798397 
L 458.043367 -311.209785 
L 456.088 -312.455491 
L 454.031503 -313.526036 
L 451.889527 -314.413271 
L 449.678375 -315.110445 
L 447.414874 -315.612251 
L 445.116251 -315.91487 
L 442.8 -316.016 
L 442.8 -316.62 
L 442.8 -316.62 
L 445.168893 -316.516572 
L 447.519757 -316.207075 
L 449.834702 -315.693864 
L 452.096107 -314.980845 
L 454.286764 -314.073446 
L 456.39 -312.97857 
L 458.389808 -311.704553 
L 460.270967 -310.261088 
L 462.019162 -308.659162 
L 463.621088 -306.910967 
L 465.064553 -305.029808 
L 466.33857 -303.03 
L 467.433446 -300.926764 
L 468.340845 -298.736107 
L 469.053864 -296.474702 
L 469.567075 -294.159757 
L 469.876572 -291.808893 
L 469.98 -289.44 
L 469.876572 -287.071107 
L 469.567075 -284.720243 
L 469.053864 -282.405298 
L 468.340845 -280.143893 
L 467.433446 -277.953236 
L 466.33857 -275.85 
L 611.754628 -191.894 
L 602.610011 -177.539826 
L 592.249142 -164.03728 
L 580.750876 -151.489124 
L 568.20272 -139.990858 
L 554.700174 -129.629989 
L 540.346 -120.485372 
L 525.249442 -112.626601 
L 509.525394 -106.113487 
L 493.293525 -100.995599 
L 476.67737 -97.311886 
L 459.803388 -95.090384 
L 442.8 -94.348 
L 425.796612 -95.090384 
L 408.92263 -97.311886 
L 392.306475 -100.995599 
L 376.074606 -106.113487 
L 360.350558 -112.626601 
L 345.254 -120.485372 
L 330.899826 -129.629989 
L 317.39728 -139.990858 
L 304.849124 -151.489124 
L 293.350858 -164.03728 
L 282.989989 -177.539826 
L 273.845372 -191.894 
L 290.060832 -201.256 
L 282.956308 -214.903662 
L 277.068292 -229.118591 
L 272.441594 -243.792603 
L 269.111426 -258.814018 
L 267.103133 -274.068516 
L 266.432 -289.44 
L 267.103133 -304.811484 
L 269.111426 -320.065982 
L 272.441594 -335.087397 
L 277.068292 -349.761409 
L 282.956308 -363.976338 
L 290.060832 -377.624 
L 298.327792 -390.600529 
L 307.694274 -402.807165 
L 318.088991 -414.151009 
L 329.432835 -424.545726 
L 341.639471 -433.912208 
L 354.616 -442.179168 
L 368.263662 -449.283692 
L 382.478591 -455.171708 
L 397.152603 -459.798406 
L 412.174018 -463.128574 
L 427.428516 -465.136867 
L 442.8 -465.808 
z
" id="m18d326959f" style="stroke:#d39cd3;"/>
    </defs>
    <g clip-path="url(#p037590f126)">
     <use style="fill:#d39cd3;stroke:#d39cd3;" x="0" xlink:href="#m18d326959f" y="576"/>
    </g>
   </g>
   <g id="PolyCollection_7">
    <defs>
     <path d="M 442.8 -465.808 
L 442.8 -465.808 
L 427.428516 -465.136867 
L 412.174018 -463.128574 
L 397.152603 -459.798406 
L 382.478591 -455.171708 
L 368.263662 -449.283692 
L 354.616 -442.179168 
L 341.639471 -433.912208 
L 329.432835 -424.545726 
L 318.088991 -414.151009 
L 307.694274 -402.807165 
L 298.327792 -390.600529 
L 290.060832 -377.624 
L 282.956308 -363.976338 
L 277.068292 -349.761409 
L 272.441594 -335.087397 
L 269.111426 -320.065982 
L 267.103133 -304.811484 
L 266.432 -289.44 
L 267.103133 -274.068516 
L 269.111426 -258.814018 
L 272.441594 -243.792603 
L 277.068292 -229.118591 
L 282.956308 -214.903662 
L 290.060832 -201.256 
L 273.845372 -191.894 
L 282.989989 -177.539826 
L 293.350858 -164.03728 
L 304.849124 -151.489124 
L 317.39728 -139.990858 
L 330.899826 -129.629989 
L 345.254 -120.485372 
L 360.350558 -112.626601 
L 376.074606 -106.113487 
L 392.306475 -100.995599 
L 408.92263 -97.311886 
L 425.796612 -95.090384 
L 442.8 -94.348 
L 459.803388 -95.090384 
L 476.67737 -97.311886 
L 493.293525 -100.995599 
L 509.525394 -106.113487 
L 525.249442 -112.626601 
L 540.346 -120.485372 
L 554.700174 -129.629989 
L 568.20272 -139.990858 
L 580.750876 -151.489124 
L 592.249142 -164.03728 
L 602.610011 -177.539826 
L 611.754628 -191.894 
L 466.33857 -275.85 
L 467.433446 -277.953236 
L 468.340845 -280.143893 
L 469.053864 -282.405298 
L 469.567075 -284.720243 
L 469.876572 -287.071107 
L 469.98 -289.44 
L 469.876572 -291.808893 
L 469.567075 -294.159757 
L 469.053864 -296.474702 
L 468.340845 -298.736107 
L 467.433446 -300.926764 
L 466.33857 -303.03 
L 465.064553 -305.029808 
L 463.621088 -306.910967 
L 462.019162 -308.659162 
L 460.270967 -310.261088 
L 458.389808 -311.704553 
L 456.39 -312.97857 
L 454.286764 -314.073446 
L 452.096107 -314.980845 
L 449.834702 -315.693864 
L 447.519757 -316.207075 
L 445.168893 -316.516572 
L 442.8 -316.62 
L 442.8 -316.62 
L 442.8 -316.62 
L 445.168893 -316.516572 
L 447.519757 -316.207075 
L 449.834702 -315.693864 
L 452.096107 -314.980845 
L 454.286764 -314.073446 
L 456.39 -312.97857 
L 458.389808 -311.704553 
L 460.270967 -310.261088 
L 462.019162 -308.659162 
L 463.621088 -306.910967 
L 465.064553 -305.029808 
L 466.33857 -303.03 
L 467.433446 -300.926764 
L 468.340845 -298.736107 
L 469.053864 -296.474702 
L 469.567075 -294.159757 
L 469.876572 -291.808893 
L 469.98 -289.44 
L 469.876572 -287.071107 
L 469.567075 -284.720243 
L 469.053864 -282.405298 
L 468.340845 -280.143893 
L 467.433446 -277.953236 
L 466.33857 -275.85 
L 611.754628 -191.894 
L 602.610011 -177.539826 
L 592.249142 -164.03728 
L 580.750876 -151.489124 
L 568.20272 -139.990858 
L 554.700174 -129.629989 
L 540.346 -120.485372 
L 525.249442 -112.626601 
L 509.525394 -106.113487 
L 493.293525 -100.995599 
L 476.67737 -97.311886 
L 459.803388 -95.090384 
L 442.8 -94.348 
L 425.796612 -95.090384 
L 408.92263 -97.311886 
L 392.306475 -100.995599 
L 376.074606 -106.113487 
L 360.350558 -112.626601 
L 345.254 -120.485372 
L 330.899826 -129.629989 
L 317.39728 -139.990858 
L 304.849124 -151.489124 
L 293.350858 -164.03728 
L 282.989989 -177.539826 
L 273.845372 -191.894 
L 290.060832 -201.256 
L 282.956308 -214.903662 
L 277.068292 -229.118591 
L 272.441594 -243.792603 
L 269.111426 -258.814018 
L 267.103133 -274.068516 
L 266.432 -289.44 
L 267.103133 -304.811484 
L 269.111426 -320.065982 
L 272.441594 -335.087397 
L 277.068292 -349.761409 
L 282.956308 -363.976338 
L 290.060832 -377.624 
L 298.327792 -390.600529 
L 307.694274 -402.807165 
L 318.088991 -414.151009 
L 329.432835 -424.545726 
L 341.639471 -433.912208 
L 354.616 -442.179168 
L 368.263662 -449.283692 
L 382.478591 -455.171708 
L 397.152603 -459.798406 
L 412.174018 -463.128574 
L 427.428516 -465.136867 
L 442.8 -465.808 
z
" id="mf70777d8b6" style="stroke:#c1ceeb;"/>
    </defs>
    <g clip-path="url(#p037590f126)">
     <use style="fill:#c1ceeb;stroke:#c1ceeb;" x="0" xlink:href="#mf70777d8b6" y="576"/>
    </g>
   </g>
   <g id="PolyCollection_8">
    <defs>
     <path d="M 442.8 -506.88 
L 442.8 -465.808 
L 427.428516 -465.136867 
L 412.174018 -463.128574 
L 397.152603 -459.798406 
L 382.478591 -455.171708 
L 368.263662 -449.283692 
L 354.616 -442.179168 
L 341.639471 -433.912208 
L 329.432835 -424.545726 
L 318.088991 -414.151009 
L 307.694274 -402.807165 
L 298.327792 -390.600529 
L 290.060832 -377.624 
L 282.956308 -363.976338 
L 277.068292 -349.761409 
L 272.441594 -335.087397 
L 269.111426 -320.065982 
L 267.103133 -304.811484 
L 266.432 -289.44 
L 267.103133 -274.068516 
L 269.111426 -258.814018 
L 272.441594 -243.792603 
L 277.068292 -229.118591 
L 282.956308 -214.903662 
L 290.060832 -201.256 
L 273.845372 -191.894 
L 282.989989 -177.539826 
L 293.350858 -164.03728 
L 304.849124 -151.489124 
L 317.39728 -139.990858 
L 330.899826 -129.629989 
L 345.254 -120.485372 
L 360.350558 -112.626601 
L 376.074606 -106.113487 
L 392.306475 -100.995599 
L 408.92263 -97.311886 
L 425.796612 -95.090384 
L 442.8 -94.348 
L 459.803388 -95.090384 
L 476.67737 -97.311886 
L 493.293525 -100.995599 
L 509.525394 -106.113487 
L 525.249442 -112.626601 
L 540.346 -120.485372 
L 554.700174 -129.629989 
L 568.20272 -139.990858 
L 580.750876 -151.489124 
L 592.249142 -164.03728 
L 602.610011 -177.539826 
L 611.754628 -191.894 
L 466.33857 -275.85 
L 467.433446 -277.953236 
L 468.340845 -280.143893 
L 469.053864 -282.405298 
L 469.567075 -284.720243 
L 469.876572 -287.071107 
L 469.98 -289.44 
L 469.876572 -291.808893 
L 469.567075 -294.159757 
L 469.053864 -296.474702 
L 468.340845 -298.736107 
L 467.433446 -300.926764 
L 466.33857 -303.03 
L 465.064553 -305.029808 
L 463.621088 -306.910967 
L 462.019162 -308.659162 
L 460.270967 -310.261088 
L 458.389808 -311.704553 
L 456.39 -312.97857 
L 454.286764 -314.073446 
L 452.096107 -314.980845 
L 449.834702 -315.693864 
L 447.519757 -316.207075 
L 445.168893 -316.516572 
L 442.8 -316.62 
L 442.8 -316.62 
L 442.8 -316.62 
L 445.168893 -316.516572 
L 447.519757 -316.207075 
L 449.834702 -315.693864 
L 452.096107 -314.980845 
L 454.286764 -314.073446 
L 456.39 -312.97857 
L 458.389808 -311.704553 
L 460.270967 -310.261088 
L 462.019162 -308.659162 
L 463.621088 -306.910967 
L 465.064553 -305.029808 
L 466.33857 -303.03 
L 467.433446 -300.926764 
L 468.340845 -298.736107 
L 469.053864 -296.474702 
L 469.567075 -294.159757 
L 469.876572 -291.808893 
L 469.98 -289.44 
L 469.876572 -287.071107 
L 469.567075 -284.720243 
L 469.053864 -282.405298 
L 468.340845 -280.143893 
L 467.433446 -277.953236 
L 466.33857 -275.85 
L 614.893104 -190.082 
L 605.578618 -175.461185 
L 595.025288 -161.707817 
L 583.313431 -148.926569 
L 570.532183 -137.214712 
L 556.778815 -126.661382 
L 542.158 -117.346896 
L 526.781011 -109.342142 
L 510.764875 -102.708041 
L 494.231485 -97.495084 
L 477.306671 -93.742943 
L 460.119241 -91.480174 
L 442.8 -90.724 
L 425.480759 -91.480174 
L 408.293329 -93.742943 
L 391.368515 -97.495084 
L 374.835125 -102.708041 
L 358.818989 -109.342142 
L 343.442 -117.346896 
L 328.821185 -126.661382 
L 315.067817 -137.214712 
L 302.286569 -148.926569 
L 290.574712 -161.707817 
L 280.021382 -175.461185 
L 270.706896 -190.082 
L 254.491436 -180.72 
L 245.732435 -197.545885 
L 238.473237 -215.07114 
L 232.769088 -233.162387 
L 228.663402 -251.68194 
L 226.187425 -270.488855 
L 225.36 -289.44 
L 226.187425 -308.391145 
L 228.663402 -327.19806 
L 232.769088 -345.717613 
L 238.473237 -363.80886 
L 245.732435 -381.334115 
L 254.491436 -398.16 
L 264.683579 -414.15846 
L 276.231296 -429.207738 
L 289.046701 -443.193299 
L 303.032262 -456.008704 
L 318.08154 -467.556421 
L 334.08 -477.748564 
L 350.905885 -486.507565 
L 368.43114 -493.766763 
L 386.522387 -499.470912 
L 405.04194 -503.576598 
L 423.848855 -506.052575 
L 442.8 -506.88 
z
" id="mc61a083f49" style="stroke:#fce4c5;"/>
    </defs>
    <g clip-path="url(#p037590f126)">
     <use style="fill:#fce4c5;stroke:#fce4c5;" x="0" xlink:href="#mc61a083f49" y="576"/>
    </g>
   </g>
   <g id="matplotlib.axis_1">
    <g id="xtick_1">
     <g id="line2d_1">
      <path clip-path="url(#p037590f126)" d="M 442.8 286.56 
L 442.8 69.12 
" style="fill:none;stroke:#b0b0b0;stroke-linecap:square;stroke-width:0.8;"/>
     </g>
    </g>
    <g id="xtick_2">
     <g id="line2d_2">
      <path clip-path="url(#p037590f126)" d="M 442.8 286.56 
L 254.491436 395.28 
" style="fill:none;stroke:#b0b0b0;stroke-linecap:square;stroke-width:0.8;"/>
     </g>
    </g>
    <g id="xtick_3">
     <g id="line2d_3">
      <path clip-path="url(#p037590f126)" d="M 442.8 286.56 
L 631.108564 395.28 
" style="fill:none;stroke:#b0b0b0;stroke-linecap:square;stroke-width:0.8;"/>
     </g>
    </g>
   </g>
   <g id="matplotlib.axis_2"/>
   <g id="patch_3">
    <path d="M 442.8 69.12 
C 414.246041 69.12 385.969733 74.744507 359.589314 85.671634 
C 333.208896 96.598762 309.2374 112.616003 289.046701 132.806701 
C 268.856003 152.9974 252.838762 176.968896 241.911634 203.349314 
C 230.984507 229.729733 225.36 258.006041 225.36 286.56 
C 225.36 315.113959 230.984507 343.390267 241.911634 369.770686 
C 252.838762 396.151104 268.856003 420.1226 289.046701 440.313299 
C 309.2374 460.503997 333.208896 476.521238 359.589314 487.448366 
C 385.969733 498.375493 414.246041 504 442.8 504 
C 471.353959 504 499.630267 498.375493 526.010686 487.448366 
C 552.391104 476.521238 576.3626 460.503997 596.553299 440.313299 
C 616.743997 420.1226 632.761238 396.151104 643.688366 369.770686 
C 654.615493 343.390267 660.24 315.113959 660.24 286.56 
C 660.24 258.006041 654.615493 229.729733 643.688366 203.349314 
C 632.761238 176.968896 616.743997 152.9974 596.553299 132.806701 
C 576.3626 112.616003 552.391104 96.598762 526.010686 85.671634 
C 499.630267 74.744507 471.353959 69.12 442.8 69.12 
" style="fill:none;stroke:#000000;stroke-linecap:square;stroke-linejoin:miter;stroke-width:0.8;"/>
   </g>
  </g>
 </g>
 <defs>
  <clipPath id="p037590f126">
   <path d="M 660.24 286.56 
C 660.24 258.006041 654.615493 229.729733 643.688366 203.349314 
C 632.761238 176.968896 616.743997 152.9974 596.553299 132.806701 
C 576.3626 112.616003 552.391104 96.598762 526.010686 85.671634 
C 499.630267 74.744507 471.353959 69.12 442.8 69.12 
C 414.246041 69.12 385.969733 74.744507 359.589314 85.671634 
C 333.208896 96.598762 309.2374 112.616003 289.046701 132.806701 
C 268.856003 152.9974 252.838762 176.968896 241.911634 203.349314 
C 230.984507 229.729733 225.36 258.006041 225.36 286.56 
C 225.36 315.113959 230.984507 343.390267 241.911634 369.770686 
C 252.838762 396.151104 268.856003 420.1226 289.046701 440.313299 
C 309.2374 460.503997 333.208896 476.521238 359.589314 487.448366 
C 385.969733 498.375493 414.246041 504 442.8 504 
C 471.353959 504 499.630267 498.375493 526.010686 487.448366 
C 552.391104 476.521238 576.3626 460.503997 596.553299 440.313299 
C 616.743997 420.1226 632.761238 396.151104 643.688366 369.770686 
C 654.615493 343.390267 660.24 315.113959 660.24 286.56 
M 442.8 286.56 
C 442.8 286.56 442.8 286.56 442.8 286.56 
C 442.8 286.56 442.8 286.56 442.8 286.56 
C 442.8 286.56 442.8 286.56 442.8 286.56 
C 442.8 286.56 442.8 286.56 442.8 286.56 
C 442.8 286.56 442.8 286.56 442.8 286.56 
C 442.8 286.56 442.8 286.56 442.8 286.56 
C 442.8 286.56 442.8 286.56 442.8 286.56 
C 442.8 286.56 442.8 286.56 442.8 286.56 
C 442.8 286.56 442.8 286.56 442.8 286.56 
C 442.8 286.56 442.8 286.56 442.8 286.56 
C 442.8 286.56 442.8 286.56 442.8 286.56 
C 442.8 286.56 442.8 286.56 442.8 286.56 
C 442.8 286.56 442.8 286.56 442.8 286.56 
C 442.8 286.56 442.8 286.56 442.8 286.56 
C 442.8 286.56 442.8 286.56 442.8 286.56 
C 442.8 286.56 442.8 286.56 442.8 286.56 
M 660.24 286.56 
z
"/>
  </clipPath>
 </defs>
</svg>
