<?xml version="1.0" encoding="utf-8" standalone="no"?>
<!DOCTYPE svg PUBLIC "-//W3C//DTD SVG 1.1//EN"
  "http://www.w3.org/Graphics/SVG/1.1/DTD/svg11.dtd">
<!-- Created with matplotlib (https://matplotlib.org/) -->
<svg height="576pt" version="1.1" viewBox="0 0 864 576" width="864pt" xmlns="http://www.w3.org/2000/svg" xmlns:xlink="http://www.w3.org/1999/xlink">
 <metadata>
  <rdf:RDF xmlns:cc="http://creativecommons.org/ns#" xmlns:dc="http://purl.org/dc/elements/1.1/" xmlns:rdf="http://www.w3.org/1999/02/22-rdf-syntax-ns#">
   <cc:Work>
    <dc:type rdf:resource="http://purl.org/dc/dcmitype/StillImage"/>
    <dc:date>2023-05-09T19:10:53.307012</dc:date>
    <dc:format>image/svg+xml</dc:format>
    <dc:creator>
     <cc:Agent>
      <dc:title>Matplotlib v3.3.4, https://matplotlib.org/</dc:title>
     </cc:Agent>
    </dc:creator>
   </cc:Work>
  </rdf:RDF>
 </metadata>
 <defs>
  <style type="text/css">*{stroke-linecap:butt;stroke-linejoin:round;}</style>
 </defs>
 <g id="figure_1">
  <g id="patch_1">
   <path d="M 0 576 
L 864 576 
L 864 0 
L 0 0 
z
" style="fill:none;"/>
  </g>
  <g id="axes_1">
   <g id="patch_2">
    <path d="M 660.24 286.56 
C 660.24 258.006041 654.615493 229.729733 643.688366 203.349314 
C 632.761238 176.968896 616.743997 152.9974 596.553299 132.806701 
C 576.3626 112.616003 552.391104 96.598762 526.010686 85.671634 
C 499.630267 74.744507 471.353959 69.12 442.8 69.12 
C 414.246041 69.12 385.969733 74.744507 359.589314 85.671634 
C 333.208896 96.598762 309.2374 112.616003 289.046701 132.806701 
C 268.856003 152.9974 252.838762 176.968896 241.911634 203.349314 
C 230.984507 229.729733 225.36 258.006041 225.36 286.56 
C 225.36 315.113959 230.984507 343.390267 241.911634 369.770686 
C 252.838762 396.151104 268.856003 420.1226 289.046701 440.313299 
C 309.2374 460.503997 333.208896 476.521238 359.589314 487.448366 
C 385.969733 498.375493 414.246041 504 442.8 504 
C 471.353959 504 499.630267 498.375493 526.010686 487.448366 
C 552.391104 476.521238 576.3626 460.503997 596.553299 440.313299 
C 616.743997 420.1226 632.761238 396.151104 643.688366 369.770686 
C 654.615493 343.390267 660.24 315.113959 660.24 286.56 
M 442.8 286.56 
C 442.8 286.56 442.8 286.56 442.8 286.56 
C 442.8 286.56 442.8 286.56 442.8 286.56 
C 442.8 286.56 442.8 286.56 442.8 286.56 
C 442.8 286.56 442.8 286.56 442.8 286.56 
C 442.8 286.56 442.8 286.56 442.8 286.56 
C 442.8 286.56 442.8 286.56 442.8 286.56 
C 442.8 286.56 442.8 286.56 442.8 286.56 
C 442.8 286.56 442.8 286.56 442.8 286.56 
C 442.8 286.56 442.8 286.56 442.8 286.56 
C 442.8 286.56 442.8 286.56 442.8 286.56 
C 442.8 286.56 442.8 286.56 442.8 286.56 
C 442.8 286.56 442.8 286.56 442.8 286.56 
C 442.8 286.56 442.8 286.56 442.8 286.56 
C 442.8 286.56 442.8 286.56 442.8 286.56 
C 442.8 286.56 442.8 286.56 442.8 286.56 
C 442.8 286.56 442.8 286.56 442.8 286.56 
M 660.24 286.56 
z
" style="fill:#ffffff;"/>
   </g>
   <g id="PolyCollection_1">
    <defs>
     <path d="M 442.8 -289.44 
L 442.8 -289.44 
L 442.8 -289.44 
L 442.8 -289.44 
L 442.8 -289.44 
L 442.8 -289.44 
L 442.8 -289.44 
L 442.8 -289.44 
L 442.8 -289.44 
L 442.8 -289.44 
L 442.8 -289.44 
L 442.8 -289.44 
L 442.8 -289.44 
L 442.8 -289.44 
L 442.8 -289.44 
L 442.8 -289.44 
L 442.8 -289.44 
L 442.8 -289.44 
L 442.8 -289.44 
L 442.8 -289.44 
L 442.8 -289.44 
L 442.8 -289.44 
L 442.8 -289.44 
L 442.8 -289.44 
L 442.8 -289.44 
L 442.8 -289.44 
L 442.8 -289.44 
L 442.8 -289.44 
L 442.8 -289.44 
L 442.8 -289.44 
L 442.8 -289.44 
L 442.8 -289.44 
L 442.8 -289.44 
L 442.8 -289.44 
L 442.8 -289.44 
L 442.8 -289.44 
L 442.8 -289.44 
L 442.8 -289.44 
L 442.8 -289.44 
L 442.8 -289.44 
L 442.8 -289.44 
L 442.8 -289.44 
L 442.8 -289.44 
L 442.8 -289.44 
L 442.8 -289.44 
L 442.8 -289.44 
L 442.8 -289.44 
L 442.8 -289.44 
L 442.8 -289.44 
L 442.8 -289.44 
L 442.8 -289.44 
L 442.8 -289.44 
L 442.8 -289.44 
L 442.8 -289.44 
L 442.8 -289.44 
L 442.8 -289.44 
L 442.8 -289.44 
L 442.8 -289.44 
L 442.8 -289.44 
L 442.8 -289.44 
L 442.8 -289.44 
L 442.8 -289.44 
L 442.8 -289.44 
L 442.8 -289.44 
L 442.8 -289.44 
L 442.8 -289.44 
L 442.8 -289.44 
L 442.8 -289.44 
L 442.8 -289.44 
L 442.8 -289.44 
L 442.8 -289.44 
L 442.8 -289.44 
L 442.8 -289.44 
L 442.8 -289.44 
L 442.8 -289.44 
L 442.8 -289.44 
L 442.8 -290.88 
L 442.8 -290.88 
L 442.925504 -290.87452 
L 443.050053 -290.858123 
L 443.172699 -290.830933 
L 443.292509 -290.793157 
L 443.40857 -290.745083 
L 443.52 -290.687077 
L 443.62595 -290.619579 
L 443.725614 -290.543104 
L 443.818234 -290.458234 
L 443.903104 -290.365614 
L 443.979579 -290.26595 
L 444.047077 -290.16 
L 444.105083 -290.04857 
L 444.153157 -289.932509 
L 444.190933 -289.812699 
L 444.218123 -289.690053 
L 444.23452 -289.565504 
L 444.24 -289.44 
L 444.23452 -289.314496 
L 444.218123 -289.189947 
L 444.190933 -289.067301 
L 444.153157 -288.947491 
L 444.105083 -288.83143 
L 444.047077 -288.72 
L 442.8 -289.44 
L 442.8 -289.44 
L 442.8 -289.44 
L 442.8 -289.44 
L 442.8 -289.44 
L 442.8 -289.44 
L 442.8 -289.44 
L 442.8 -289.44 
L 442.8 -289.44 
L 442.8 -289.44 
L 442.8 -289.44 
L 442.8 -289.44 
L 442.8 -289.44 
L 442.8 -289.44 
L 442.8 -289.44 
L 442.8 -289.44 
L 442.8 -289.44 
L 442.8 -289.44 
L 442.8 -289.44 
L 442.8 -289.44 
L 442.8 -289.44 
L 442.8 -289.44 
L 442.8 -289.44 
L 442.8 -289.44 
L 442.8 -289.44 
L 442.8 -289.44 
L 442.8 -289.44 
L 442.8 -289.44 
L 442.8 -289.44 
L 442.8 -289.44 
L 442.8 -289.44 
L 442.8 -289.44 
L 442.8 -289.44 
L 442.8 -289.44 
L 442.8 -289.44 
L 442.8 -289.44 
L 442.8 -289.44 
L 442.8 -289.44 
L 442.8 -289.44 
L 442.8 -289.44 
L 442.8 -289.44 
L 442.8 -289.44 
L 442.8 -289.44 
L 442.8 -289.44 
L 442.8 -289.44 
L 442.8 -289.44 
L 442.8 -289.44 
L 442.8 -289.44 
L 442.8 -289.44 
L 442.8 -289.44 
z
" id="md3f4f3f3c9" style="stroke:#3e0081;"/>
    </defs>
    <g clip-path="url(#p40af12d5ef)">
     <use style="fill:#3e0081;stroke:#3e0081;" x="0" xlink:href="#md3f4f3f3c9" y="576"/>
    </g>
   </g>
   <g id="PolyCollection_2">
    <defs>
     <path d="M 442.8 -311.04 
L 442.8 -289.44 
L 442.8 -289.44 
L 442.8 -289.44 
L 442.8 -289.44 
L 442.8 -289.44 
L 442.8 -289.44 
L 442.8 -289.44 
L 442.8 -289.44 
L 442.8 -289.44 
L 442.8 -289.44 
L 442.8 -289.44 
L 442.8 -289.44 
L 442.8 -289.44 
L 442.8 -289.44 
L 442.8 -289.44 
L 442.8 -289.44 
L 442.8 -289.44 
L 442.8 -289.44 
L 442.8 -289.44 
L 442.8 -289.44 
L 442.8 -289.44 
L 442.8 -289.44 
L 442.8 -289.44 
L 442.8 -289.44 
L 442.8 -289.44 
L 442.8 -289.44 
L 442.8 -289.44 
L 442.8 -289.44 
L 442.8 -289.44 
L 442.8 -289.44 
L 442.8 -289.44 
L 442.8 -289.44 
L 442.8 -289.44 
L 442.8 -289.44 
L 442.8 -289.44 
L 442.8 -289.44 
L 442.8 -289.44 
L 442.8 -289.44 
L 442.8 -289.44 
L 442.8 -289.44 
L 442.8 -289.44 
L 442.8 -289.44 
L 442.8 -289.44 
L 442.8 -289.44 
L 442.8 -289.44 
L 442.8 -289.44 
L 442.8 -289.44 
L 442.8 -289.44 
L 442.8 -289.44 
L 442.8 -289.44 
L 444.047077 -288.72 
L 444.105083 -288.83143 
L 444.153157 -288.947491 
L 444.190933 -289.067301 
L 444.218123 -289.189947 
L 444.23452 -289.314496 
L 444.24 -289.44 
L 444.23452 -289.565504 
L 444.218123 -289.690053 
L 444.190933 -289.812699 
L 444.153157 -289.932509 
L 444.105083 -290.04857 
L 444.047077 -290.16 
L 443.979579 -290.26595 
L 443.903104 -290.365614 
L 443.818234 -290.458234 
L 443.725614 -290.543104 
L 443.62595 -290.619579 
L 443.52 -290.687077 
L 443.40857 -290.745083 
L 443.292509 -290.793157 
L 443.172699 -290.830933 
L 443.050053 -290.858123 
L 442.925504 -290.87452 
L 442.8 -290.88 
L 442.8 -290.88 
L 442.8 -290.88 
L 442.925504 -290.87452 
L 443.050053 -290.858123 
L 443.172699 -290.830933 
L 443.292509 -290.793157 
L 443.40857 -290.745083 
L 443.52 -290.687077 
L 443.62595 -290.619579 
L 443.725614 -290.543104 
L 443.818234 -290.458234 
L 443.903104 -290.365614 
L 443.979579 -290.26595 
L 444.047077 -290.16 
L 444.105083 -290.04857 
L 444.153157 -289.932509 
L 444.190933 -289.812699 
L 444.218123 -289.690053 
L 444.23452 -289.565504 
L 444.24 -289.44 
L 444.23452 -289.314496 
L 444.218123 -289.189947 
L 444.190933 -289.067301 
L 444.153157 -288.947491 
L 444.105083 -288.83143 
L 444.047077 -288.72 
L 442.8 -289.44 
L 442.8 -289.44 
L 442.8 -289.44 
L 442.8 -289.44 
L 442.8 -289.44 
L 442.8 -289.44 
L 442.8 -289.44 
L 442.8 -289.44 
L 442.8 -289.44 
L 442.8 -289.44 
L 442.8 -289.44 
L 442.8 -289.44 
L 442.8 -289.44 
L 442.8 -289.44 
L 442.8 -289.44 
L 442.8 -289.44 
L 442.8 -289.44 
L 442.8 -289.44 
L 442.8 -289.44 
L 442.8 -289.44 
L 442.8 -289.44 
L 442.8 -289.44 
L 442.8 -289.44 
L 442.8 -289.44 
L 442.8 -289.44 
L 424.093851 -278.64 
L 423.223752 -280.311446 
L 422.502639 -282.052365 
L 421.936002 -283.849509 
L 421.528153 -285.689199 
L 421.282195 -287.557436 
L 421.2 -289.44 
L 421.282195 -291.322564 
L 421.528153 -293.190801 
L 421.936002 -295.030491 
L 422.502639 -296.827635 
L 423.223752 -298.568554 
L 424.093851 -300.24 
L 425.106316 -301.829251 
L 426.25344 -303.324212 
L 427.526494 -304.713506 
L 428.915788 -305.98656 
L 430.410749 -307.133684 
L 432 -308.146149 
L 433.671446 -309.016248 
L 435.412365 -309.737361 
L 437.209509 -310.303998 
L 439.049199 -310.711847 
L 440.917436 -310.957805 
L 442.8 -311.04 
z
" id="ma3c4867205" style="stroke:#a447a5;"/>
    </defs>
    <g clip-path="url(#p40af12d5ef)">
     <use style="fill:#a447a5;stroke:#a447a5;" x="0" xlink:href="#ma3c4867205" y="576"/>
    </g>
   </g>
   <g id="PolyCollection_3">
    <defs>
     <path d="M 442.8 -311.04 
L 442.8 -311.04 
L 440.917436 -310.957805 
L 439.049199 -310.711847 
L 437.209509 -310.303998 
L 435.412365 -309.737361 
L 433.671446 -309.016248 
L 432 -308.146149 
L 430.410749 -307.133684 
L 428.915788 -305.98656 
L 427.526494 -304.713506 
L 426.25344 -303.324212 
L 425.106316 -301.829251 
L 424.093851 -300.24 
L 423.223752 -298.568554 
L 422.502639 -296.827635 
L 421.936002 -295.030491 
L 421.528153 -293.190801 
L 421.282195 -291.322564 
L 421.2 -289.44 
L 421.282195 -287.557436 
L 421.528153 -285.689199 
L 421.936002 -283.849509 
L 422.502639 -282.052365 
L 423.223752 -280.311446 
L 424.093851 -278.64 
L 442.8 -289.44 
L 442.8 -289.44 
L 442.8 -289.44 
L 442.8 -289.44 
L 442.8 -289.44 
L 442.8 -289.44 
L 442.8 -289.44 
L 442.8 -289.44 
L 442.8 -289.44 
L 442.8 -289.44 
L 442.8 -289.44 
L 442.8 -289.44 
L 442.8 -289.44 
L 442.8 -289.44 
L 442.8 -289.44 
L 442.8 -289.44 
L 442.8 -289.44 
L 442.8 -289.44 
L 442.8 -289.44 
L 442.8 -289.44 
L 442.8 -289.44 
L 442.8 -289.44 
L 442.8 -289.44 
L 442.8 -289.44 
L 442.8 -289.44 
L 444.047077 -288.72 
L 444.105083 -288.83143 
L 444.153157 -288.947491 
L 444.190933 -289.067301 
L 444.218123 -289.189947 
L 444.23452 -289.314496 
L 444.24 -289.44 
L 444.23452 -289.565504 
L 444.218123 -289.690053 
L 444.190933 -289.812699 
L 444.153157 -289.932509 
L 444.105083 -290.04857 
L 444.047077 -290.16 
L 443.979579 -290.26595 
L 443.903104 -290.365614 
L 443.818234 -290.458234 
L 443.725614 -290.543104 
L 443.62595 -290.619579 
L 443.52 -290.687077 
L 443.40857 -290.745083 
L 443.292509 -290.793157 
L 443.172699 -290.830933 
L 443.050053 -290.858123 
L 442.925504 -290.87452 
L 442.8 -290.88 
L 442.8 -290.88 
L 442.8 -290.88 
L 442.925504 -290.87452 
L 443.050053 -290.858123 
L 443.172699 -290.830933 
L 443.292509 -290.793157 
L 443.40857 -290.745083 
L 443.52 -290.687077 
L 443.62595 -290.619579 
L 443.725614 -290.543104 
L 443.818234 -290.458234 
L 443.903104 -290.365614 
L 443.979579 -290.26595 
L 444.047077 -290.16 
L 444.105083 -290.04857 
L 444.153157 -289.932509 
L 444.190933 -289.812699 
L 444.218123 -289.690053 
L 444.23452 -289.565504 
L 444.24 -289.44 
L 444.23452 -289.314496 
L 444.218123 -289.189947 
L 444.190933 -289.067301 
L 444.153157 -288.947491 
L 444.105083 -288.83143 
L 444.047077 -288.72 
L 442.8 -289.44 
L 442.8 -289.44 
L 442.8 -289.44 
L 442.8 -289.44 
L 442.8 -289.44 
L 442.8 -289.44 
L 442.8 -289.44 
L 442.8 -289.44 
L 442.8 -289.44 
L 442.8 -289.44 
L 442.8 -289.44 
L 442.8 -289.44 
L 442.8 -289.44 
L 442.8 -289.44 
L 442.8 -289.44 
L 442.8 -289.44 
L 442.8 -289.44 
L 442.8 -289.44 
L 442.8 -289.44 
L 442.8 -289.44 
L 442.8 -289.44 
L 442.8 -289.44 
L 442.8 -289.44 
L 442.8 -289.44 
L 442.8 -289.44 
L 424.093851 -278.64 
L 423.223752 -280.311446 
L 422.502639 -282.052365 
L 421.936002 -283.849509 
L 421.528153 -285.689199 
L 421.282195 -287.557436 
L 421.2 -289.44 
L 421.282195 -291.322564 
L 421.528153 -293.190801 
L 421.936002 -295.030491 
L 422.502639 -296.827635 
L 423.223752 -298.568554 
L 424.093851 -300.24 
L 425.106316 -301.829251 
L 426.25344 -303.324212 
L 427.526494 -304.713506 
L 428.915788 -305.98656 
L 430.410749 -307.133684 
L 432 -308.146149 
L 433.671446 -309.016248 
L 435.412365 -309.737361 
L 437.209509 -310.303998 
L 439.049199 -310.711847 
L 440.917436 -310.957805 
L 442.8 -311.04 
z
" id="mfff766b639" style="stroke:#6586cd;"/>
    </defs>
    <g clip-path="url(#p40af12d5ef)">
     <use style="fill:#6586cd;stroke:#6586cd;" x="0" xlink:href="#mfff766b639" y="576"/>
    </g>
   </g>
   <g id="PolyCollection_4">
    <defs>
     <path d="M 442.8 -348.48 
L 442.8 -311.04 
L 440.917436 -310.957805 
L 439.049199 -310.711847 
L 437.209509 -310.303998 
L 435.412365 -309.737361 
L 433.671446 -309.016248 
L 432 -308.146149 
L 430.410749 -307.133684 
L 428.915788 -305.98656 
L 427.526494 -304.713506 
L 426.25344 -303.324212 
L 425.106316 -301.829251 
L 424.093851 -300.24 
L 423.223752 -298.568554 
L 422.502639 -296.827635 
L 421.936002 -295.030491 
L 421.528153 -293.190801 
L 421.282195 -291.322564 
L 421.2 -289.44 
L 421.282195 -287.557436 
L 421.528153 -285.689199 
L 421.936002 -283.849509 
L 422.502639 -282.052365 
L 423.223752 -280.311446 
L 424.093851 -278.64 
L 442.8 -289.44 
L 442.8 -289.44 
L 442.8 -289.44 
L 442.8 -289.44 
L 442.8 -289.44 
L 442.8 -289.44 
L 442.8 -289.44 
L 442.8 -289.44 
L 442.8 -289.44 
L 442.8 -289.44 
L 442.8 -289.44 
L 442.8 -289.44 
L 442.8 -289.44 
L 442.8 -289.44 
L 442.8 -289.44 
L 442.8 -289.44 
L 442.8 -289.44 
L 442.8 -289.44 
L 442.8 -289.44 
L 442.8 -289.44 
L 442.8 -289.44 
L 442.8 -289.44 
L 442.8 -289.44 
L 442.8 -289.44 
L 442.8 -289.44 
L 444.047077 -288.72 
L 444.105083 -288.83143 
L 444.153157 -288.947491 
L 444.190933 -289.067301 
L 444.218123 -289.189947 
L 444.23452 -289.314496 
L 444.24 -289.44 
L 444.23452 -289.565504 
L 444.218123 -289.690053 
L 444.190933 -289.812699 
L 444.153157 -289.932509 
L 444.105083 -290.04857 
L 444.047077 -290.16 
L 443.979579 -290.26595 
L 443.903104 -290.365614 
L 443.818234 -290.458234 
L 443.725614 -290.543104 
L 443.62595 -290.619579 
L 443.52 -290.687077 
L 443.40857 -290.745083 
L 443.292509 -290.793157 
L 443.172699 -290.830933 
L 443.050053 -290.858123 
L 442.925504 -290.87452 
L 442.8 -290.88 
L 442.8 -298.08 
L 442.8 -298.08 
L 443.553026 -298.047122 
L 444.30032 -297.948739 
L 445.036197 -297.785599 
L 445.755054 -297.558944 
L 446.451422 -297.270499 
L 447.12 -296.922459 
L 447.7557 -296.517474 
L 448.353685 -296.058624 
L 448.909403 -295.549403 
L 449.418624 -294.993685 
L 449.877474 -294.3957 
L 450.282459 -293.76 
L 450.630499 -293.091422 
L 450.918944 -292.395054 
L 451.145599 -291.676197 
L 451.308739 -290.94032 
L 451.407122 -290.193026 
L 451.44 -289.44 
L 451.407122 -288.686974 
L 451.308739 -287.93968 
L 451.145599 -287.203803 
L 450.918944 -286.484946 
L 450.630499 -285.788578 
L 450.282459 -285.12 
L 442.8 -289.44 
L 442.8 -289.44 
L 442.8 -289.44 
L 442.8 -289.44 
L 442.8 -289.44 
L 442.8 -289.44 
L 442.8 -289.44 
L 442.8 -289.44 
L 442.8 -289.44 
L 442.8 -289.44 
L 442.8 -289.44 
L 442.8 -289.44 
L 442.8 -289.44 
L 442.8 -289.44 
L 442.8 -289.44 
L 442.8 -289.44 
L 442.8 -289.44 
L 442.8 -289.44 
L 442.8 -289.44 
L 442.8 -289.44 
L 442.8 -289.44 
L 442.8 -289.44 
L 442.8 -289.44 
L 442.8 -289.44 
L 442.8 -289.44 
L 391.66986 -259.92 
L 389.291588 -264.488618 
L 387.320548 -269.247131 
L 385.771739 -274.159324 
L 384.65695 -279.187812 
L 383.984665 -284.294325 
L 383.76 -289.44 
L 383.984665 -294.585675 
L 384.65695 -299.692188 
L 385.771739 -304.720676 
L 387.320548 -309.632869 
L 389.291588 -314.391382 
L 391.66986 -318.96 
L 394.437263 -323.303953 
L 397.572736 -327.39018 
L 401.052416 -331.187584 
L 404.84982 -334.667264 
L 408.936047 -337.802737 
L 413.28 -340.57014 
L 417.848618 -342.948412 
L 422.607131 -344.919452 
L 427.519324 -346.468261 
L 432.547812 -347.58305 
L 437.654325 -348.255335 
L 442.8 -348.48 
z
" id="md7eefd9fab" style="stroke:#fcaf58;"/>
    </defs>
    <g clip-path="url(#p40af12d5ef)">
     <use style="fill:#fcaf58;stroke:#fcaf58;" x="0" xlink:href="#md7eefd9fab" y="576"/>
    </g>
   </g>
   <g id="PolyCollection_5">
    <defs>
     <path d="M 442.8 -348.48 
L 442.8 -348.48 
L 437.654325 -348.255335 
L 432.547812 -347.58305 
L 427.519324 -346.468261 
L 422.607131 -344.919452 
L 417.848618 -342.948412 
L 413.28 -340.57014 
L 408.936047 -337.802737 
L 404.84982 -334.667264 
L 401.052416 -331.187584 
L 397.572736 -327.39018 
L 394.437263 -323.303953 
L 391.66986 -318.96 
L 389.291588 -314.391382 
L 387.320548 -309.632869 
L 385.771739 -304.720676 
L 384.65695 -299.692188 
L 383.984665 -294.585675 
L 383.76 -289.44 
L 383.984665 -284.294325 
L 384.65695 -279.187812 
L 385.771739 -274.159324 
L 387.320548 -269.247131 
L 389.291588 -264.488618 
L 391.66986 -259.92 
L 442.8 -289.44 
L 442.8 -289.44 
L 442.8 -289.44 
L 442.8 -289.44 
L 442.8 -289.44 
L 442.8 -289.44 
L 442.8 -289.44 
L 442.8 -289.44 
L 442.8 -289.44 
L 442.8 -289.44 
L 442.8 -289.44 
L 442.8 -289.44 
L 442.8 -289.44 
L 442.8 -289.44 
L 442.8 -289.44 
L 442.8 -289.44 
L 442.8 -289.44 
L 442.8 -289.44 
L 442.8 -289.44 
L 442.8 -289.44 
L 442.8 -289.44 
L 442.8 -289.44 
L 442.8 -289.44 
L 442.8 -289.44 
L 442.8 -289.44 
L 450.282459 -285.12 
L 450.630499 -285.788578 
L 450.918944 -286.484946 
L 451.145599 -287.203803 
L 451.308739 -287.93968 
L 451.407122 -288.686974 
L 451.44 -289.44 
L 451.407122 -290.193026 
L 451.308739 -290.94032 
L 451.145599 -291.676197 
L 450.918944 -292.395054 
L 450.630499 -293.091422 
L 450.282459 -293.76 
L 449.877474 -294.3957 
L 449.418624 -294.993685 
L 448.909403 -295.549403 
L 448.353685 -296.058624 
L 447.7557 -296.517474 
L 447.12 -296.922459 
L 446.451422 -297.270499 
L 445.755054 -297.558944 
L 445.036197 -297.785599 
L 444.30032 -297.948739 
L 443.553026 -298.047122 
L 442.8 -298.08 
L 442.8 -299.52 
L 442.8 -299.52 
L 443.67853 -299.481643 
L 444.550374 -299.366862 
L 445.408896 -299.176532 
L 446.247563 -298.912102 
L 447.059992 -298.575582 
L 447.84 -298.169536 
L 448.58165 -297.697053 
L 449.279299 -297.161728 
L 449.927636 -296.567636 
L 450.521728 -295.919299 
L 451.057053 -295.22165 
L 451.529536 -294.48 
L 451.935582 -293.699992 
L 452.272102 -292.887563 
L 452.536532 -292.048896 
L 452.726862 -291.190374 
L 452.841643 -290.31853 
L 452.88 -289.44 
L 452.841643 -288.56147 
L 452.726862 -287.689626 
L 452.536532 -286.831104 
L 452.272102 -285.992437 
L 451.935582 -285.180008 
L 451.529536 -284.4 
L 442.8 -289.44 
L 442.8 -289.44 
L 442.8 -289.44 
L 442.8 -289.44 
L 442.8 -289.44 
L 442.8 -289.44 
L 442.8 -289.44 
L 442.8 -289.44 
L 442.8 -289.44 
L 442.8 -289.44 
L 442.8 -289.44 
L 442.8 -289.44 
L 442.8 -289.44 
L 442.8 -289.44 
L 442.8 -289.44 
L 442.8 -289.44 
L 442.8 -289.44 
L 442.8 -289.44 
L 442.8 -289.44 
L 442.8 -289.44 
L 442.8 -289.44 
L 442.8 -289.44 
L 442.8 -289.44 
L 442.8 -289.44 
L 442.8 -289.44 
L 391.66986 -259.92 
L 389.291588 -264.488618 
L 387.320548 -269.247131 
L 385.771739 -274.159324 
L 384.65695 -279.187812 
L 383.984665 -284.294325 
L 383.76 -289.44 
L 383.984665 -294.585675 
L 384.65695 -299.692188 
L 385.771739 -304.720676 
L 387.320548 -309.632869 
L 389.291588 -314.391382 
L 391.66986 -318.96 
L 394.437263 -323.303953 
L 397.572736 -327.39018 
L 401.052416 -331.187584 
L 404.84982 -334.667264 
L 408.936047 -337.802737 
L 413.28 -340.57014 
L 417.848618 -342.948412 
L 422.607131 -344.919452 
L 427.519324 -346.468261 
L 432.547812 -347.58305 
L 437.654325 -348.255335 
L 442.8 -348.48 
z
" id="m2f04a36617" style="stroke:#857bbe;"/>
    </defs>
    <g clip-path="url(#p40af12d5ef)">
     <use style="fill:#857bbe;stroke:#857bbe;" x="0" xlink:href="#m2f04a36617" y="576"/>
    </g>
   </g>
   <g id="PolyCollection_6">
    <defs>
     <path d="M 442.8 -348.48 
L 442.8 -348.48 
L 437.654325 -348.255335 
L 432.547812 -347.58305 
L 427.519324 -346.468261 
L 422.607131 -344.919452 
L 417.848618 -342.948412 
L 413.28 -340.57014 
L 408.936047 -337.802737 
L 404.84982 -334.667264 
L 401.052416 -331.187584 
L 397.572736 -327.39018 
L 394.437263 -323.303953 
L 391.66986 -318.96 
L 389.291588 -314.391382 
L 387.320548 -309.632869 
L 385.771739 -304.720676 
L 384.65695 -299.692188 
L 383.984665 -294.585675 
L 383.76 -289.44 
L 383.984665 -284.294325 
L 384.65695 -279.187812 
L 385.771739 -274.159324 
L 387.320548 -269.247131 
L 389.291588 -264.488618 
L 391.66986 -259.92 
L 442.8 -289.44 
L 442.8 -289.44 
L 442.8 -289.44 
L 442.8 -289.44 
L 442.8 -289.44 
L 442.8 -289.44 
L 442.8 -289.44 
L 442.8 -289.44 
L 442.8 -289.44 
L 442.8 -289.44 
L 442.8 -289.44 
L 442.8 -289.44 
L 442.8 -289.44 
L 442.8 -289.44 
L 442.8 -289.44 
L 442.8 -289.44 
L 442.8 -289.44 
L 442.8 -289.44 
L 442.8 -289.44 
L 442.8 -289.44 
L 442.8 -289.44 
L 442.8 -289.44 
L 442.8 -289.44 
L 442.8 -289.44 
L 442.8 -289.44 
L 451.529536 -284.4 
L 451.935582 -285.180008 
L 452.272102 -285.992437 
L 452.536532 -286.831104 
L 452.726862 -287.689626 
L 452.841643 -288.56147 
L 452.88 -289.44 
L 452.841643 -290.31853 
L 452.726862 -291.190374 
L 452.536532 -292.048896 
L 452.272102 -292.887563 
L 451.935582 -293.699992 
L 451.529536 -294.48 
L 451.057053 -295.22165 
L 450.521728 -295.919299 
L 449.927636 -296.567636 
L 449.279299 -297.161728 
L 448.58165 -297.697053 
L 447.84 -298.169536 
L 447.059992 -298.575582 
L 446.247563 -298.912102 
L 445.408896 -299.176532 
L 444.550374 -299.366862 
L 443.67853 -299.481643 
L 442.8 -299.52 
L 442.8 -311.04 
L 442.8 -311.04 
L 444.682564 -310.957805 
L 446.550801 -310.711847 
L 448.390491 -310.303998 
L 450.187635 -309.737361 
L 451.928554 -309.016248 
L 453.6 -308.146149 
L 455.189251 -307.133684 
L 456.684212 -305.98656 
L 458.073506 -304.713506 
L 459.34656 -303.324212 
L 460.493684 -301.829251 
L 461.506149 -300.24 
L 462.376248 -298.568554 
L 463.097361 -296.827635 
L 463.663998 -295.030491 
L 464.071847 -293.190801 
L 464.317805 -291.322564 
L 464.4 -289.44 
L 464.317805 -287.557436 
L 464.071847 -285.689199 
L 463.663998 -283.849509 
L 463.097361 -282.052365 
L 462.376248 -280.311446 
L 461.506149 -278.64 
L 446.54123 -287.28 
L 446.338737 -286.96215 
L 446.109312 -286.663158 
L 445.854701 -286.385299 
L 445.576842 -286.130688 
L 445.27785 -285.901263 
L 444.96 -285.69877 
L 444.625711 -285.52475 
L 444.277527 -285.380528 
L 443.918098 -285.2672 
L 443.55016 -285.185631 
L 443.176513 -285.136439 
L 442.8 -285.12 
L 442.423487 -285.136439 
L 442.04984 -285.185631 
L 441.681902 -285.2672 
L 441.322473 -285.380528 
L 440.974289 -285.52475 
L 440.64 -285.69877 
L 440.32215 -285.901263 
L 440.023158 -286.130688 
L 439.745299 -286.385299 
L 439.490688 -286.663158 
L 439.261263 -286.96215 
L 439.05877 -287.28 
L 391.66986 -259.92 
L 389.291588 -264.488618 
L 387.320548 -269.247131 
L 385.771739 -274.159324 
L 384.65695 -279.187812 
L 383.984665 -284.294325 
L 383.76 -289.44 
L 383.984665 -294.585675 
L 384.65695 -299.692188 
L 385.771739 -304.720676 
L 387.320548 -309.632869 
L 389.291588 -314.391382 
L 391.66986 -318.96 
L 394.437263 -323.303953 
L 397.572736 -327.39018 
L 401.052416 -331.187584 
L 404.84982 -334.667264 
L 408.936047 -337.802737 
L 413.28 -340.57014 
L 417.848618 -342.948412 
L 422.607131 -344.919452 
L 427.519324 -346.468261 
L 432.547812 -347.58305 
L 437.654325 -348.255335 
L 442.8 -348.48 
z
" id="m707ff2de28" style="stroke:#d39cd3;"/>
    </defs>
    <g clip-path="url(#p40af12d5ef)">
     <use style="fill:#d39cd3;stroke:#d39cd3;" x="0" xlink:href="#m707ff2de28" y="576"/>
    </g>
   </g>
   <g id="PolyCollection_7">
    <defs>
     <path d="M 442.8 -348.48 
L 442.8 -348.48 
L 437.654325 -348.255335 
L 432.547812 -347.58305 
L 427.519324 -346.468261 
L 422.607131 -344.919452 
L 417.848618 -342.948412 
L 413.28 -340.57014 
L 408.936047 -337.802737 
L 404.84982 -334.667264 
L 401.052416 -331.187584 
L 397.572736 -327.39018 
L 394.437263 -323.303953 
L 391.66986 -318.96 
L 389.291588 -314.391382 
L 387.320548 -309.632869 
L 385.771739 -304.720676 
L 384.65695 -299.692188 
L 383.984665 -294.585675 
L 383.76 -289.44 
L 383.984665 -284.294325 
L 384.65695 -279.187812 
L 385.771739 -274.159324 
L 387.320548 -269.247131 
L 389.291588 -264.488618 
L 391.66986 -259.92 
L 439.05877 -287.28 
L 439.261263 -286.96215 
L 439.490688 -286.663158 
L 439.745299 -286.385299 
L 440.023158 -286.130688 
L 440.32215 -285.901263 
L 440.64 -285.69877 
L 440.974289 -285.52475 
L 441.322473 -285.380528 
L 441.681902 -285.2672 
L 442.04984 -285.185631 
L 442.423487 -285.136439 
L 442.8 -285.12 
L 443.176513 -285.136439 
L 443.55016 -285.185631 
L 443.918098 -285.2672 
L 444.277527 -285.380528 
L 444.625711 -285.52475 
L 444.96 -285.69877 
L 445.27785 -285.901263 
L 445.576842 -286.130688 
L 445.854701 -286.385299 
L 446.109312 -286.663158 
L 446.338737 -286.96215 
L 446.54123 -287.28 
L 461.506149 -278.64 
L 462.376248 -280.311446 
L 463.097361 -282.052365 
L 463.663998 -283.849509 
L 464.071847 -285.689199 
L 464.317805 -287.557436 
L 464.4 -289.44 
L 464.317805 -291.322564 
L 464.071847 -293.190801 
L 463.663998 -295.030491 
L 463.097361 -296.827635 
L 462.376248 -298.568554 
L 461.506149 -300.24 
L 460.493684 -301.829251 
L 459.34656 -303.324212 
L 458.073506 -304.713506 
L 456.684212 -305.98656 
L 455.189251 -307.133684 
L 453.6 -308.146149 
L 451.928554 -309.016248 
L 450.187635 -309.737361 
L 448.390491 -310.303998 
L 446.550801 -310.711847 
L 444.682564 -310.957805 
L 442.8 -311.04 
L 442.8 -311.04 
L 442.8 -311.04 
L 444.682564 -310.957805 
L 446.550801 -310.711847 
L 448.390491 -310.303998 
L 450.187635 -309.737361 
L 451.928554 -309.016248 
L 453.6 -308.146149 
L 455.189251 -307.133684 
L 456.684212 -305.98656 
L 458.073506 -304.713506 
L 459.34656 -303.324212 
L 460.493684 -301.829251 
L 461.506149 -300.24 
L 462.376248 -298.568554 
L 463.097361 -296.827635 
L 463.663998 -295.030491 
L 464.071847 -293.190801 
L 464.317805 -291.322564 
L 464.4 -289.44 
L 464.317805 -287.557436 
L 464.071847 -285.689199 
L 463.663998 -283.849509 
L 463.097361 -282.052365 
L 462.376248 -280.311446 
L 461.506149 -278.64 
L 446.54123 -287.28 
L 446.338737 -286.96215 
L 446.109312 -286.663158 
L 445.854701 -286.385299 
L 445.576842 -286.130688 
L 445.27785 -285.901263 
L 444.96 -285.69877 
L 444.625711 -285.52475 
L 444.277527 -285.380528 
L 443.918098 -285.2672 
L 443.55016 -285.185631 
L 443.176513 -285.136439 
L 442.8 -285.12 
L 442.423487 -285.136439 
L 442.04984 -285.185631 
L 441.681902 -285.2672 
L 441.322473 -285.380528 
L 440.974289 -285.52475 
L 440.64 -285.69877 
L 440.32215 -285.901263 
L 440.023158 -286.130688 
L 439.745299 -286.385299 
L 439.490688 -286.663158 
L 439.261263 -286.96215 
L 439.05877 -287.28 
L 391.66986 -259.92 
L 389.291588 -264.488618 
L 387.320548 -269.247131 
L 385.771739 -274.159324 
L 384.65695 -279.187812 
L 383.984665 -284.294325 
L 383.76 -289.44 
L 383.984665 -294.585675 
L 384.65695 -299.692188 
L 385.771739 -304.720676 
L 387.320548 -309.632869 
L 389.291588 -314.391382 
L 391.66986 -318.96 
L 394.437263 -323.303953 
L 397.572736 -327.39018 
L 401.052416 -331.187584 
L 404.84982 -334.667264 
L 408.936047 -337.802737 
L 413.28 -340.57014 
L 417.848618 -342.948412 
L 422.607131 -344.919452 
L 427.519324 -346.468261 
L 432.547812 -347.58305 
L 437.654325 -348.255335 
L 442.8 -348.48 
z
" id="mf9085e0354" style="stroke:#c1ceeb;"/>
    </defs>
    <g clip-path="url(#p40af12d5ef)">
     <use style="fill:#c1ceeb;stroke:#c1ceeb;" x="0" xlink:href="#mf9085e0354" y="576"/>
    </g>
   </g>
   <g id="PolyCollection_8">
    <defs>
     <path d="M 442.8 -419.04 
L 442.8 -348.48 
L 437.654325 -348.255335 
L 432.547812 -347.58305 
L 427.519324 -346.468261 
L 422.607131 -344.919452 
L 417.848618 -342.948412 
L 413.28 -340.57014 
L 408.936047 -337.802737 
L 404.84982 -334.667264 
L 401.052416 -331.187584 
L 397.572736 -327.39018 
L 394.437263 -323.303953 
L 391.66986 -318.96 
L 389.291588 -314.391382 
L 387.320548 -309.632869 
L 385.771739 -304.720676 
L 384.65695 -299.692188 
L 383.984665 -294.585675 
L 383.76 -289.44 
L 383.984665 -284.294325 
L 384.65695 -279.187812 
L 385.771739 -274.159324 
L 387.320548 -269.247131 
L 389.291588 -264.488618 
L 391.66986 -259.92 
L 439.05877 -287.28 
L 439.261263 -286.96215 
L 439.490688 -286.663158 
L 439.745299 -286.385299 
L 440.023158 -286.130688 
L 440.32215 -285.901263 
L 440.64 -285.69877 
L 440.974289 -285.52475 
L 441.322473 -285.380528 
L 441.681902 -285.2672 
L 442.04984 -285.185631 
L 442.423487 -285.136439 
L 442.8 -285.12 
L 443.176513 -285.136439 
L 443.55016 -285.185631 
L 443.918098 -285.2672 
L 444.277527 -285.380528 
L 444.625711 -285.52475 
L 444.96 -285.69877 
L 445.27785 -285.901263 
L 445.576842 -286.130688 
L 445.854701 -286.385299 
L 446.109312 -286.663158 
L 446.338737 -286.96215 
L 446.54123 -287.28 
L 461.506149 -278.64 
L 462.376248 -280.311446 
L 463.097361 -282.052365 
L 463.663998 -283.849509 
L 464.071847 -285.689199 
L 464.317805 -287.557436 
L 464.4 -289.44 
L 464.317805 -291.322564 
L 464.071847 -293.190801 
L 463.663998 -295.030491 
L 463.097361 -296.827635 
L 462.376248 -298.568554 
L 461.506149 -300.24 
L 460.493684 -301.829251 
L 459.34656 -303.324212 
L 458.073506 -304.713506 
L 456.684212 -305.98656 
L 455.189251 -307.133684 
L 453.6 -308.146149 
L 451.928554 -309.016248 
L 450.187635 -309.737361 
L 448.390491 -310.303998 
L 446.550801 -310.711847 
L 444.682564 -310.957805 
L 442.8 -311.04 
L 442.8 -506.88 
L 442.8 -506.88 
L 461.751145 -506.052575 
L 480.55806 -503.576598 
L 499.077613 -499.470912 
L 517.16886 -493.766763 
L 534.694115 -486.507565 
L 551.52 -477.748564 
L 567.51846 -467.556421 
L 582.567738 -456.008704 
L 596.553299 -443.193299 
L 609.368704 -429.207738 
L 620.916421 -414.15846 
L 631.108564 -398.16 
L 639.867565 -381.334115 
L 647.126763 -363.80886 
L 652.830912 -345.717613 
L 656.936598 -327.19806 
L 659.412575 -308.391145 
L 660.24 -289.44 
L 659.412575 -270.488855 
L 656.936598 -251.68194 
L 652.830912 -233.162387 
L 647.126763 -215.07114 
L 639.867565 -197.545885 
L 631.108564 -180.72 
L 473.976915 -271.44 
L 472.289474 -268.791248 
L 470.3776 -266.299646 
L 468.255844 -263.984156 
L 465.940354 -261.8624 
L 463.448752 -259.950526 
L 460.8 -258.263085 
L 458.014257 -256.81292 
L 455.112725 -255.611066 
L 452.117486 -254.66667 
L 449.051334 -253.986921 
L 445.937607 -253.576991 
L 442.8 -253.44 
L 439.662393 -253.576991 
L 436.548666 -253.986921 
L 433.482514 -254.66667 
L 430.487275 -255.611066 
L 427.585743 -256.81292 
L 424.8 -258.263085 
L 422.151248 -259.950526 
L 419.659646 -261.8624 
L 417.344156 -263.984156 
L 415.2224 -266.299646 
L 413.310526 -268.791248 
L 411.623085 -271.44 
L 330.563108 -224.64 
L 325.342511 -234.668673 
L 321.015836 -245.114189 
L 317.616013 -255.897052 
L 315.168915 -266.935196 
L 313.693167 -278.144616 
L 313.2 -289.44 
L 313.693167 -300.735384 
L 315.168915 -311.944804 
L 317.616013 -322.982948 
L 321.015836 -333.765811 
L 325.342511 -344.211327 
L 330.563108 -354.24 
L 336.637895 -363.775506 
L 343.52064 -372.745274 
L 351.158961 -381.081039 
L 359.494726 -388.71936 
L 368.464494 -395.602105 
L 378 -401.676892 
L 388.028673 -406.897489 
L 398.474189 -411.224164 
L 409.257052 -414.623987 
L 420.295196 -417.071085 
L 431.504616 -418.546833 
L 442.8 -419.04 
z
" id="m7eed7d7ae6" style="stroke:#fce4c5;"/>
    </defs>
    <g clip-path="url(#p40af12d5ef)">
     <use style="fill:#fce4c5;stroke:#fce4c5;" x="0" xlink:href="#m7eed7d7ae6" y="576"/>
    </g>
   </g>
   <g id="matplotlib.axis_1">
    <g id="xtick_1">
     <g id="line2d_1">
      <path clip-path="url(#p40af12d5ef)" d="M 442.8 286.56 
L 442.8 69.12 
" style="fill:none;stroke:#b0b0b0;stroke-linecap:square;stroke-width:0.8;"/>
     </g>
    </g>
    <g id="xtick_2">
     <g id="line2d_2">
      <path clip-path="url(#p40af12d5ef)" d="M 442.8 286.56 
L 254.491436 395.28 
" style="fill:none;stroke:#b0b0b0;stroke-linecap:square;stroke-width:0.8;"/>
     </g>
    </g>
    <g id="xtick_3">
     <g id="line2d_3">
      <path clip-path="url(#p40af12d5ef)" d="M 442.8 286.56 
L 631.108564 395.28 
" style="fill:none;stroke:#b0b0b0;stroke-linecap:square;stroke-width:0.8;"/>
     </g>
    </g>
   </g>
   <g id="matplotlib.axis_2"/>
   <g id="patch_3">
    <path d="M 442.8 69.12 
C 414.246041 69.12 385.969733 74.744507 359.589314 85.671634 
C 333.208896 96.598762 309.2374 112.616003 289.046701 132.806701 
C 268.856003 152.9974 252.838762 176.968896 241.911634 203.349314 
C 230.984507 229.729733 225.36 258.006041 225.36 286.56 
C 225.36 315.113959 230.984507 343.390267 241.911634 369.770686 
C 252.838762 396.151104 268.856003 420.1226 289.046701 440.313299 
C 309.2374 460.503997 333.208896 476.521238 359.589314 487.448366 
C 385.969733 498.375493 414.246041 504 442.8 504 
C 471.353959 504 499.630267 498.375493 526.010686 487.448366 
C 552.391104 476.521238 576.3626 460.503997 596.553299 440.313299 
C 616.743997 420.1226 632.761238 396.151104 643.688366 369.770686 
C 654.615493 343.390267 660.24 315.113959 660.24 286.56 
C 660.24 258.006041 654.615493 229.729733 643.688366 203.349314 
C 632.761238 176.968896 616.743997 152.9974 596.553299 132.806701 
C 576.3626 112.616003 552.391104 96.598762 526.010686 85.671634 
C 499.630267 74.744507 471.353959 69.12 442.8 69.12 
" style="fill:none;stroke:#000000;stroke-linecap:square;stroke-linejoin:miter;stroke-width:0.8;"/>
   </g>
  </g>
 </g>
 <defs>
  <clipPath id="p40af12d5ef">
   <path d="M 660.24 286.56 
C 660.24 258.006041 654.615493 229.729733 643.688366 203.349314 
C 632.761238 176.968896 616.743997 152.9974 596.553299 132.806701 
C 576.3626 112.616003 552.391104 96.598762 526.010686 85.671634 
C 499.630267 74.744507 471.353959 69.12 442.8 69.12 
C 414.246041 69.12 385.969733 74.744507 359.589314 85.671634 
C 333.208896 96.598762 309.2374 112.616003 289.046701 132.806701 
C 268.856003 152.9974 252.838762 176.968896 241.911634 203.349314 
C 230.984507 229.729733 225.36 258.006041 225.36 286.56 
C 225.36 315.113959 230.984507 343.390267 241.911634 369.770686 
C 252.838762 396.151104 268.856003 420.1226 289.046701 440.313299 
C 309.2374 460.503997 333.208896 476.521238 359.589314 487.448366 
C 385.969733 498.375493 414.246041 504 442.8 504 
C 471.353959 504 499.630267 498.375493 526.010686 487.448366 
C 552.391104 476.521238 576.3626 460.503997 596.553299 440.313299 
C 616.743997 420.1226 632.761238 396.151104 643.688366 369.770686 
C 654.615493 343.390267 660.24 315.113959 660.24 286.56 
M 442.8 286.56 
C 442.8 286.56 442.8 286.56 442.8 286.56 
C 442.8 286.56 442.8 286.56 442.8 286.56 
C 442.8 286.56 442.8 286.56 442.8 286.56 
C 442.8 286.56 442.8 286.56 442.8 286.56 
C 442.8 286.56 442.8 286.56 442.8 286.56 
C 442.8 286.56 442.8 286.56 442.8 286.56 
C 442.8 286.56 442.8 286.56 442.8 286.56 
C 442.8 286.56 442.8 286.56 442.8 286.56 
C 442.8 286.56 442.8 286.56 442.8 286.56 
C 442.8 286.56 442.8 286.56 442.8 286.56 
C 442.8 286.56 442.8 286.56 442.8 286.56 
C 442.8 286.56 442.8 286.56 442.8 286.56 
C 442.8 286.56 442.8 286.56 442.8 286.56 
C 442.8 286.56 442.8 286.56 442.8 286.56 
C 442.8 286.56 442.8 286.56 442.8 286.56 
C 442.8 286.56 442.8 286.56 442.8 286.56 
M 660.24 286.56 
z
"/>
  </clipPath>
 </defs>
</svg>
